date,timeStamp,temperature,outside temperature,humidity,pressure,gasResistance,bsec  breath_voc_equivalent ,bsec  raw_humidity,bsec bsec_status,bsec co2_equivalent,bsec gas,bsec humidity,bsec iaq,bsec iaq_accuracy,bsec pressure,bsec raw_temperature,bsec static_iaq,bsec temperature
2021-09-17,00:04:46,23.69,14.59,49.251,1018.64,1340708.4738031563,1.092735,49.250999,0.0,767.205933,1398964.0,49.46777,138.550629,1.0,101864.0,25.690001,76.720596,25.625305
2021-09-17,00:09:47,23.65,14.5,49.385,1018.64,1339523.0555803634,1.078636,49.384998,0.0,758.614868,1397516.0,49.570606,137.028152,1.0,101864.0,25.65,75.861488,25.5853
2021-09-17,00:14:47,23.59,14.47,49.499,1018.64,1341895.991969714,1.069639,49.499001,0.0,753.073853,1400415.0,49.690022,136.169128,1.0,101864.0,25.59,75.307388,25.525295
2021-09-17,00:19:48,23.58,14.47,49.511,1018.64,1346667.1760705886,1.032959,49.511002,0.0,729.990967,1406250.0,49.701481,131.415405,1.0,101864.0,25.58,72.9991,25.515301
2021-09-17,00:24:48,23.51,14.28,49.661,1018.68,1361186.4937309134,0.989822,49.660999,0.0,701.77124,1424051.0,49.874432,125.498299,1.0,101868.0,25.51,70.177124,25.445297
2021-09-17,00:29:49,23.5,14.31,49.571,1018.68,1359964.603218328,0.974422,49.570999,0.0,691.397766,1422550.0,49.764969,123.561256,1.0,101868.0,25.5,69.139778,25.435291
2021-09-17,00:34:49,23.42,14.31,49.786,1018.7,1361186.4937309134,0.937918,49.785999,0.0,666.455811,1424051.0,49.989479,118.279938,1.0,101870.0,25.42,66.613945,25.35528
2021-09-17,00:39:49,23.36,14.18,49.884,1018.68,1371041.234229185,0.898907,49.883999,0.0,655.214355,1436170.0,50.076591,112.286522,1.0,101868.0,25.360001,63.803593,25.295288
2021-09-17,00:44:50,23.31,14.18,49.95,1018.68,1381039.708412378,0.865551,49.950001,0.0,645.208496,1448498.0,50.171043,106.931641,1.0,101868.0,25.309999,61.302116,25.245285
2021-09-17,00:49:50,23.29,14.16,49.947,1018.68,1384826.836146209,0.843578,49.946999,0.0,638.404297,1453175.0,50.151043,103.353523,1.0,101868.0,25.290001,59.601067,25.22529
2021-09-17,00:54:51,23.28,14.16,49.982,1018.7,1388634.7913475365,0.815176,49.981998,0.0,629.341614,1457883.0,50.176842,98.468544,1.0,101870.0,25.280001,57.335403,25.215288
2021-09-17,00:59:52,23.27,14.29,49.976,1018.64,1396313.8752023126,0.777455,49.976002,0.0,616.804932,1467391.0,50.168671,91.576317,1.0,101864.0,25.27,54.201225,25.205284
2021-09-17,01:04:52,23.27,14.29,50.04,1018.66,1395028.1354100106,0.769192,50.040001,0.0,613.977417,1465798.0,50.227009,90.192505,1.0,101866.0,25.27,53.494347,25.205297
2021-09-17,01:09:53,23.27,14.29,50.059,1018.58,1373527.2555749018,0.874279,50.058998,0.0,647.863281,1439232.0,50.243908,109.623047,1.0,101858.0,25.27,61.965816,25.205305
2021-09-17,01:14:53,23.27,14.3,50.065,1018.54,1378526.4431771426,0.885284,50.064999,0.0,651.173462,1445396.0,50.265396,111.517502,1.0,101854.0,25.27,62.793369,25.205296
2021-09-17,01:19:54,23.3,14.4,50.022,1018.6,1372283.1189865477,0.883006,50.021999,0.0,650.491516,1437700.0,50.202267,111.127205,1.0,101860.0,25.299999,62.622879,25.235312
2021-09-17,01:24:54,23.3,14.47,50.053,1018.58,1369801.5951947726,0.877621,50.053001,0.0,648.872925,1434644.0,50.252003,110.20089,1.0,101858.0,25.299999,62.218235,25.235291
2021-09-17,01:29:55,23.29,14.48,50.088,1018.6,1378526.4431771426,0.863901,50.088001,0.0,644.703613,1445396.0,50.267719,107.814774,1.0,101860.0,25.290001,61.175907,25.225306
2021-09-17,01:34:55,23.28,14.48,50.104,1018.56,1379781.9313205776,0.862984,50.104,0.0,644.422424,1446945.0,50.296898,107.653839,1.0,101856.0,25.280001,61.105606,25.215294
2021-09-17,01:39:55,23.19,14.58,50.344,1018.54,1378526.4431771426,0.838448,50.344002,0.0,636.790161,1445396.0,50.555248,103.285828,1.0,101854.0,25.190001,59.197533,25.125301
2021-09-17,01:44:56,23.1,14.61,50.557,1018.54,1389908.767797285,0.820727,50.556999,0.0,631.137329,1459459.0,50.742561,100.05069,1.0,101854.0,25.1,57.784328,25.035303
2021-09-17,01:49:56,23.13,14.61,50.456,1018.48,1393744.7612843665,0.784625,50.456001,0.0,619.233887,1464208.0,50.646324,93.238266,1.0,101848.0,25.129999,54.808464,25.065289
2021-09-17,01:54:57,23.13,14.63,50.449,1018.45,1404078.3612895852,0.0,0.0,-2.0,0.0,0.0,0.0,0.0,0.0,0.0,0.0,0.0,0.0
2021-09-17,01:59:57,23.11,14.63,50.513,1018.43,1397601.9872083203,0.754922,50.513,0.0,609.022034,1468988.0,50.708157,87.393974,0.0,101843.0,25.110001,52.255508,25.045294
2021-09-17,02:04:57,23.12,14.67,50.532,1018.3,1409302.837200838,0.725286,50.532001,0.0,598.424927,1483516.0,50.725292,81.329201,1.0,101830.0,25.120001,49.606239,25.055286
2021-09-17,02:09:58,23.06,14.78,50.633,1018.26,1409302.837200838,0.714163,50.632999,0.0,594.335327,1483516.0,50.846951,78.988693,1.0,101826.0,25.059999,48.583839,24.995298
2021-09-17,02:14:58,23.05,14.78,50.602,1018.22,1410615.0368072125,0.706791,50.602001,0.0,591.589722,1485149.0,50.809132,77.417374,1.0,101822.0,25.049999,47.897438,24.985285
2021-09-17,02:19:58,23.02,14.78,50.662,1018.2,1418539.8378022397,0.667949,50.661999,0.0,576.632935,1495017.0,50.85984,68.857498,1.0,101820.0,25.02,44.158234,24.955288
2021-09-17,02:24:59,23.01,14.78,50.631,1018.16,1421201.2625272158,0.666403,50.631001,0.0,576.019653,1498335.0,50.819641,68.506485,1.0,101816.0,25.01,44.004906,24.945284
2021-09-17,02:29:59,22.95,14.93,50.692,1018.1,1418539.8378022397,0.672627,50.692001,0.0,578.479553,1495017.0,50.887848,69.914337,1.0,101810.0,24.950001,44.619892,24.8853
2021-09-17,02:35:00,22.93,14.93,50.661,1018.1,1426554.184573795,0.664293,50.660999,0.0,575.18042,1505017.0,50.856876,68.026222,1.0,101810.0,24.93,43.795109,24.865295
2021-09-17,02:40:00,22.9,15.1,50.657,1018.08,1426554.184573795,0.671676,50.657001,0.0,578.105347,1505017.0,50.856602,69.70018,1.0,101808.0,24.9,44.526344,24.835295
2021-09-17,02:45:01,22.9,15.06,50.626,1018.02,1550665.79492701,0.676601,50.625999,0.0,580.03833,1509223.0,50.837742,70.806442,1.0,101802.0,24.9,45.00959,24.835281
2021-09-17,02:50:01,22.87,15.06,50.64,1018.01,1541200.8997957946,0.683263,50.639999,0.0,582.631165,1499167.0,50.853188,72.290321,1.0,101801.0,24.870001,45.657791,24.805285
2021-09-17,02:55:01,22.85,15.07,50.679,1017.95,1544343.0005578091,0.686174,50.679001,0.0,583.755981,1502504.0,50.863411,72.934052,1.0,101795.0,24.85,45.938995,24.785284
2021-09-17,03:00:02,22.83,15.09,50.637,1017.95,1549872.6157356375,0.632262,50.723999,0.0,562.103455,1545507.0,50.215405,60.542191,1.0,101789.0,25.129999,40.525864,25.065279
2021-09-17,03:05:03,22.84,15.09,50.625,1017.87,1546707.9967670217,0.675973,50.625,0.0,579.792603,1505017.0,50.83601,70.665787,1.0,101787.0,24.84,44.948147,24.775288
2021-09-17,03:10:03,22.83,15.12,50.598,1017.81,1555441.9714749153,0.668156,50.598,0.0,576.714844,1514302.0,50.791805,68.904388,1.0,101781.0,24.83,44.178719,24.765282
2021-09-17,03:15:04,22.79,15.12,50.735,1017.79,1558642.4683800444,0.659414,50.735001,0.0,573.229736,1517707.0,50.919987,66.909828,1.0,101779.0,24.790001,43.307434,24.725307
2021-09-17,03:20:04,22.78,15.13,50.741,1017.73,1554643.899901888,0.660093,50.741001,0.0,573.502075,1513453.0,50.937428,67.065689,1.0,101773.0,24.780001,43.375519,24.7153
2021-09-17,03:25:05,22.72,15.13,50.895,1017.63,1545918.8602767922,0.681396,50.895,0.0,581.907104,1504178.0,51.090942,71.875946,1.0,101763.0,24.719999,45.476784,24.655291
2021-09-17,03:30:05,22.72,15.13,50.978,1017.59,1560247.660957669,0.64573,50.978001,0.0,567.68103,1519415.0,51.179588,63.734241,1.0,101759.0,24.719999,41.92025,24.655291
2021-09-17,03:35:07,22.73,15.13,50.984,1017.55,1553050.211102073,0.654954,50.984001,0.0,571.434021,1511758.0,51.192177,65.882141,1.0,101755.0,24.73,42.858509,24.665285
2021-09-17,03:40:08,22.76,15.25,50.968,1017.55,1543556.274870307,0.669012,50.967999,0.0,577.05365,1501669.0,51.180122,69.098267,1.0,101755.0,24.76,44.263409,24.695295
2021-09-17,03:45:08,22.72,15.25,51.113,1017.48,1550665.79492701,0.667128,51.112999,0.0,576.307495,1509223.0,51.322437,68.671219,1.0,101748.0,24.719999,44.076866,24.655296
2021-09-17,03:50:09,22.74,15.29,51.103,1017.42,1549872.6157356375,0.663332,51.103001,0.0,574.797363,1508380.0,51.276241,67.806999,1.0,101742.0,24.74,43.699345,24.675289
2021-09-17,03:55:09,22.73,15.29,51.304,1017.4,1547497.9393210942,0.658774,51.304001,0.0,572.9729,1505856.0,51.502419,66.762833,1.0,101740.0,24.73,43.243225,24.665287
2021-09-17,04:00:10,22.72,15.26,51.382,1017.34,1543556.274870307,0.664743,51.382,0.0,575.359802,1501669.0,51.584988,68.12886,1.0,101734.0,24.719999,43.839947,24.655302
2021-09-17,04:05:10,22.68,15.26,51.548,1017.34,1426554.184573795,0.663804,51.548,0.0,574.985596,1505017.0,51.748856,67.914711,1.0,101734.0,24.68,43.746399,24.615295
2021-09-17,04:10:10,22.66,15.36,51.631,1017.34,1418539.8378022397,0.673308,51.631001,0.0,578.747498,1495017.0,51.831013,70.067673,1.0,101734.0,24.66,44.686874,24.595299
2021-09-17,04:15:11,22.65,15.36,51.753,1017.32,1426554.184573795,0.650018,51.752998,0.0,569.432373,1505017.0,51.963116,64.736595,1.0,101732.0,24.65,42.358101,24.585299
2021-09-17,04:20:11,22.62,15.44,51.945,1017.26,1422535.7233753393,0.644532,51.945,0.0,567.189453,1500000.0,52.161892,63.45293,1.0,101726.0,24.620001,41.797363,24.555292
2021-09-17,04:25:12,22.59,15.44,52.061,1017.24,1423872.692608588,0.636524,52.061001,0.0,563.88147,1501669.0,52.266075,61.559742,1.0,101724.0,24.59,40.970364,24.525295
2021-09-17,04:30:12,22.5,15.44,52.294,1017.2,1419869.3030115874,0.647191,52.293999,0.0,568.278809,1496674.0,52.507748,64.076385,1.0,101720.0,24.5,42.069706,24.435291
2021-09-17,04:35:13,22.51,15.52,52.327,1017.15,1423872.692608588,0.64498,52.327,0.0,567.37323,1501669.0,52.515125,63.558105,1.0,101715.0,24.51,41.843307,24.445297
2021-09-17,04:40:13,22.49,15.52,52.481,1017.13,1425212.1773061291,0.630339,52.480999,0.0,561.297485,1503341.0,52.684605,60.080929,1.0,101713.0,24.49,40.324375,24.425287
2021-09-17,04:45:14,22.45,15.6,52.653,1017.09,1423872.692608588,0.629917,52.653,0.0,561.120361,1501669.0,52.856411,59.979557,1.0,101709.0,24.450001,40.28009,24.385298
2021-09-17,04:50:14,22.45,15.61,52.709,1017.01,1417212.8598992475,0.644408,52.709,0.0,567.13855,1493363.0,52.920853,63.423782,1.0,101701.0,24.450001,41.78463,24.385303
2021-09-17,04:55:14,22.47,15.61,52.689,1016.97,1421201.2625272158,0.641927,52.688999,0.0,566.117798,1498335.0,52.893459,62.839607,1.0,101697.0,24.469999,41.529442,24.405287
2021-09-17,05:00:15,22.48,15.61,52.724,1016.87,1415888.362328855,0.648296,52.723999,0.0,568.73053,1491713.0,52.928551,64.334892,1.0,101687.0,24.48,42.182629,24.415285
2021-09-17,05:05:15,22.48,15.65,52.833,1016.83,1415888.362328855,0.648584,52.833,0.0,568.8479,1491713.0,53.038616,64.402054,1.0,101683.0,24.48,42.211967,24.415289
2021-09-17,05:10:16,22.45,15.65,52.95,1016.75,1413246.7804209518,0.644063,53.050999,0.0,566.996826,1499167.0,52.504833,63.342682,1.0,101673.0,24.75,41.749203,24.685299
2021-09-17,05:15:16,22.41,15.64,53.188,1016.73,1415888.362328855,0.646725,53.188,0.0,568.088379,1491713.0,53.390045,63.967407,1.0,101673.0,24.41,42.022102,24.345287
2021-09-17,05:20:16,22.34,15.64,53.472,1016.69,1410615.0368072125,0.652411,53.472,0.0,570.404419,1485149.0,53.68045,65.292892,1.0,101669.0,24.34,42.601112,24.275291
2021-09-17,05:25:17,22.32,15.66,53.605,1016.66,1407993.0766272584,0.660187,53.605,0.0,573.539734,1481888.0,53.843594,67.087234,1.0,101666.0,24.32,43.384933,24.255281
2021-09-17,05:30:17,22.31,15.66,53.678,1016.64,1405380.8454278396,0.658559,53.678001,0.0,572.886536,1478642.0,53.88406,66.713409,1.0,101664.0,24.309999,43.221634,24.245298
2021-09-17,05:35:18,22.26,15.6,53.896,1016.64,1402778.2891590623,0.664054,53.896,0.0,575.085205,1475410.0,54.113029,67.971733,1.0,101664.0,24.26,43.771309,24.195301
2021-09-17,05:40:18,22.22,15.6,54.102,1016.64,1406685.7482925104,0.657722,54.102001,0.0,572.549988,1480263.0,54.321159,66.520798,1.0,101664.0,24.219999,43.137497,24.155304
2021-09-17,05:45:18,22.21,15.61,54.123,1016.6,1398892.477999263,0.671497,54.123001,0.0,578.034546,1470588.0,54.311382,69.65963,1.0,101660.0,24.209999,44.508629,24.145285
2021-09-17,05:50:19,22.22,15.67,54.058,1016.6,1388634.7913475365,0.683789,54.057999,0.0,582.834839,1457883.0,54.269115,72.406906,1.0,101660.0,24.219999,45.708717,24.155287
2021-09-17,05:55:19,22.18,15.67,54.167,1016.58,1393744.7612843665,0.697695,54.167,0.0,588.162231,1464208.0,54.38559,75.455765,1.0,101658.0,24.18,47.04055,24.115295
2021-09-17,06:00:20,22.21,15.67,54.077,1016.54,1395028.1354100106,0.710402,54.077,0.0,592.938232,1465798.0,54.286366,78.189102,1.0,101654.0,24.209999,48.23455,24.145285
2021-09-17,06:05:20,22.17,15.67,54.346,1016.52,1392463.7463024012,0.705232,54.346001,0.0,591.005249,1462622.0,54.554947,77.08284,1.0,101652.0,24.17,47.751305,24.105303
2021-09-17,06:10:20,22.11,15.74,54.496,1016.5,1386093.8319145637,0.761692,54.495998,0.0,611.384583,1454741.0,54.708023,88.746071,1.0,101650.0,24.110001,52.846146,24.045286
2021-09-17,06:15:21,22.1,15.74,54.481,1016.52,1379781.9313205776,0.756142,54.480999,0.0,609.449341,1446945.0,54.657524,87.63855,1.0,101652.0,24.1,52.362343,24.035294
2021-09-17,06:20:21,22.09,15.73,54.559,1016.52,1381039.708412378,0.761552,54.558998,0.0,611.335876,1448498.0,54.767448,88.718201,1.0,101652.0,24.09,52.833965,24.025299
2021-09-17,06:25:22,22.06,15.73,54.6,1016.52,1368564.1957973407,0.800749,54.599998,0.0,624.616577,1433121.0,54.817444,96.31881,1.0,101652.0,24.059999,56.154137,23.995296
2021-09-17,06:30:22,22.02,15.72,54.705,1016.5,1376022.308787702,0.804631,54.705002,0.0,625.896362,1442308.0,54.919296,97.051239,1.0,101650.0,24.02,56.474083,23.955288
2021-09-17,06:35:23,22.06,15.73,54.543,1016.54,1376022.308787702,0.791251,54.542999,0.0,621.459106,1442308.0,54.75396,94.511795,1.0,101654.0,24.059999,55.364777,23.995287
2021-09-17,06:40:24,22.05,15.73,54.6,1016.52,1377273.2377394864,0.760838,54.695999,0.0,611.087891,1470588.0,54.131363,88.576263,1.0,101650.0,24.35,52.771969,24.285297
2021-09-17,06:45:24,22.05,15.76,54.581,1016.54,1372283.1189865477,0.807349,54.581001,0.0,626.788696,1437700.0,54.787369,97.56192,1.0,101654.0,24.049999,56.697166,23.985296
2021-09-17,06:50:25,22.05,15.73,54.575,1016.54,1374773.6501244588,0.814208,54.575001,0.0,629.027222,1440768.0,54.77692,98.843048,1.0,101654.0,24.049999,57.256802,23.985294
2021-09-17,06:55:25,22.08,15.73,54.449,1016.54,1372283.1189865477,0.811338,54.449001,0.0,628.092834,1437700.0,54.660942,98.308296,1.0,101654.0,24.08,57.023205,24.015295
2021-09-17,07:00:26,22.05,15.67,54.522,1016.52,1373527.2555749018,0.810659,54.521999,0.0,627.871399,1439232.0,54.749275,98.18158,1.0,101652.0,24.049999,56.96785,23.985306
2021-09-17,07:05:26,22.07,15.63,54.442,1016.54,1367329.0299728897,0.829488,54.442001,0.0,633.947144,1431601.0,54.649986,101.658752,1.0,101654.0,24.07,58.486778,24.005295
2021-09-17,07:10:27,22.03,15.67,54.577,1016.56,1359964.603218328,0.856416,54.577,0.0,642.400879,1422550.0,54.7882,106.496887,1.0,101656.0,24.030001,60.60022,23.965286
2021-09-17,07:15:27,22.05,15.61,54.51,1016.54,1346667.1760705886,0.892753,54.509998,0.0,653.396484,1406250.0,54.710899,112.789764,1.0,101654.0,24.049999,63.349129,23.985283
2021-09-17,07:20:28,22.05,15.61,54.529,1016.52,1357527.391497168,0.891872,54.528999,0.0,653.135254,1419558.0,54.741169,112.640236,1.0,101652.0,24.049999,63.28381,23.985283
2021-09-17,07:25:28,21.98,15.61,54.71,1016.54,1361186.4937309134,0.87395,54.709999,0.0,647.763611,1424051.0,54.928135,109.566025,1.0,101654.0,23.98,61.940907,23.915291
2021-09-17,07:30:29,21.91,15.56,54.889,1016.52,1367329.0299728897,0.873781,54.889,0.0,647.712708,1431601.0,55.104359,109.536888,1.0,101652.0,23.91,61.928177,23.845295
2021-09-17,07:35:29,21.89,15.56,54.98,1016.54,1349065.5139382044,0.90359,54.98,0.0,656.589355,1409186.0,55.199917,114.617058,1.0,101654.0,23.889999,64.147339,23.825281
2021-09-17,07:40:29,21.85,15.48,55.087,1016.54,1368564.1957973407,0.861836,55.087002,0.0,644.070374,1433121.0,55.30648,107.452354,1.0,101654.0,23.85,61.017593,23.78528
2021-09-17,07:45:30,21.78,15.48,55.341,1016.48,1362410.5818883658,0.874937,55.341,0.0,648.062561,1425554.0,55.551636,109.737099,1.0,101648.0,23.780001,62.015636,23.715282
2021-09-17,07:50:30,21.81,15.48,55.289,1016.5,1352679.0810382864,0.872992,55.289001,0.0,647.473572,1413613.0,55.490929,109.400024,1.0,101650.0,23.809999,61.868393,23.745285
2021-09-17,07:55:30,21.79,15.46,55.329,1016.56,1367329.0299728897,0.89796,55.328999,0.0,654.935364,1431601.0,55.538647,113.670464,1.0,101656.0,23.790001,63.733845,23.725283
2021-09-17,08:00:31,21.74,15.46,55.527,1016.6,1343085.6156649925,0.993373,55.527,0.0,704.140381,1401869.0,55.744015,128.962921,1.0,101660.0,23.74,70.41404,23.675289
2021-09-17,08:05:31,21.77,15.46,55.383,1016.6,1326620.4737019574,1.050787,55.382999,0.0,741.311035,1381781.0,55.62318,137.472122,1.0,101660.0,23.77,74.131104,23.705301
2021-09-17,08:10:31,21.91,15.46,55.124,1016.54,1330114.644051158,1.035071,55.124001,0.0,731.341675,1386037.0,55.32655,135.189911,1.0,101654.0,23.91,73.134171,23.845297
2021-09-17,08:15:32,21.82,15.43,55.526,1016.56,1321990.0373702666,1.11245,55.526001,0.0,779.035156,1376147.0,55.76899,146.108032,1.0,101656.0,23.82,77.903519,23.755291
2021-09-17,08:20:33,21.8,15.43,55.749,1016.58,1330114.644051158,1.14421,55.749001,0.0,797.656555,1386037.0,55.952843,150.370865,1.0,101658.0,23.799999,79.765656,23.735287
2021-09-17,08:25:33,21.89,15.51,55.832,1016.64,1312825.4649450998,1.120025,55.832001,0.0,783.524475,1365015.0,56.060184,147.135727,1.0,101664.0,23.889999,78.352448,23.825289
2021-09-17,08:30:33,21.77,15.55,56.099,1016.64,1313964.081597045,1.188115,56.098999,0.0,822.56604,1366397.0,56.355888,156.073227,1.0,101664.0,23.77,82.256607,23.705299
2021-09-17,08:35:34,21.89,15.55,55.989,1016.64,1299314.40148741,1.199694,55.988998,0.0,828.981689,1348651.0,56.193905,157.541916,1.0,101664.0,23.889999,82.89817,23.825302
2021-09-17,08:40:34,21.91,15.55,56.279,1016.66,1287171.2805979112,1.205067,56.381001,0.0,831.937622,1367781.0,55.786057,158.218582,1.0,101662.0,24.209999,83.193764,24.145281
2021-09-17,08:45:35,21.97,15.73,56.299,1016.64,1277403.5425511417,1.283729,56.299,0.0,873.769043,1322233.0,56.510017,167.794739,1.0,101664.0,23.969999,87.376907,23.905294
2021-09-17,08:50:35,22.06,15.81,56.12,1016.68,1266722.9148325308,1.407003,56.119999,0.0,934.426758,1309408.0,56.332577,181.680634,1.0,101668.0,24.059999,93.442673,23.995293
2021-09-17,08:55:36,22.09,15.86,56.308,1016.68,1247941.1981602423,1.56831,56.307999,0.0,1006.227173,1286940.0,56.534779,198.117371,1.0,101668.0,24.09,100.622719,24.025286
2021-09-17,09:00:36,22.22,15.86,56.322,1016.73,1218825.9277377368,1.845483,56.321999,0.0,1113.886475,1252319.0,56.540043,222.762985,1.0,101673.0,24.219999,111.388641,24.155291
2021-09-17,09:05:36,22.24,15.95,56.358,1016.69,1209098.669498128,1.966377,56.358002,0.0,1155.861816,1240809.0,56.610672,232.372101,1.0,101669.0,24.24,115.586182,24.175283
2021-09-17,09:10:37,22.27,16.03,56.378,1016.69,1209098.669498128,1.921243,56.377998,0.0,1140.500977,1240809.0,56.596874,228.855637,1.0,101669.0,24.27,114.050095,24.205286
2021-09-17,09:15:37,22.24,16.03,56.642,1016.66,1211031.6802079498,1.842797,56.641998,0.0,1112.923218,1243094.0,56.928623,222.542496,1.0,101666.0,24.24,111.29232,24.175283
2021-09-17,09:20:38,22.27,16.13,56.472,1016.64,1223748.4861294276,1.680259,56.472,0.0,1051.839355,1258155.0,56.732113,208.559036,1.0,101664.0,24.27,105.183937,24.205307
2021-09-17,09:25:38,22.31,16.18,56.406,1016.66,1224737.773127261,1.706244,56.405998,0.0,1061.991455,1259328.0,56.587894,210.883072,1.0,101666.0,24.309999,106.199142,24.245291
2021-09-17,09:30:39,22.34,16.18,56.307,1016.68,1241803.7847370782,1.574846,56.306999,0.0,1008.978333,1279621.0,56.543606,198.747177,1.0,101668.0,24.34,100.897835,24.275297
2021-09-17,09:35:39,22.31,16.32,56.485,1016.6,1240786.7468044208,1.445779,56.485001,0.0,952.411438,1278409.0,56.688129,185.797729,1.0,101660.0,24.309999,95.241142,24.245291
2021-09-17,09:40:40,22.29,16.32,56.617,1016.69,1259352.1275268232,1.287688,56.617001,0.0,875.806152,1300578.0,56.812107,168.261078,1.0,101669.0,24.290001,87.580612,24.225288
2021-09-17,09:45:40,22.31,16.32,56.583,1016.64,1227715.2544159542,1.56768,56.583,0.0,1005.961426,1262862.0,56.83028,198.056549,1.0,101664.0,24.309999,100.596146,24.245287
2021-09-17,09:50:41,22.3,16.54,56.716,1016.64,1247941.1981602423,1.43522,56.716,0.0,947.562317,1286940.0,56.910812,184.687668,1.0,101664.0,24.299999,94.756233,24.235285
2021-09-17,09:55:41,22.34,16.54,56.682,1016.6,1247941.1981602423,1.36612,56.681999,0.0,914.919739,1286940.0,56.867653,177.215057,1.0,101660.0,24.34,91.491974,24.275286
2021-09-17,10:00:41,22.25,16.54,57.08,1016.56,1265664.6671741118,1.231211,57.080002,0.0,846.136108,1308140.0,57.282566,161.468933,1.0,101656.0,24.25,84.613609,24.185301
2021-09-17,10:05:42,22.31,16.75,57.025,1016.58,1269908.302377969,1.141647,57.025002,0.0,796.173035,1313230.0,57.257538,150.03125,1.0,101658.0,24.309999,79.617302,24.2453
2021-09-17,10:10:42,22.38,16.75,56.856,1016.62,1289362.2096430666,0.967864,56.941002,0.0,686.930664,1365015.0,56.376247,125.023232,1.0,101656.0,24.68,68.693069,24.615301
2021-09-17,10:15:43,22.39,16.75,56.85,1016.66,1293766.5196114536,0.964323,56.849998,0.0,684.506104,1341948.0,57.07056,124.468201,1.0,101666.0,24.389999,68.450607,24.325287
2021-09-17,10:20:43,22.45,16.75,56.732,1016.68,1302666.0281484125,0.893261,56.731998,0.0,653.547119,1352705.0,56.948917,112.875931,1.0,101668.0,24.450001,63.386772,24.385288
2021-09-17,10:25:44,22.38,16.96,56.942,1016.69,1313964.081597045,0.825762,56.942001,0.0,632.755859,1366397.0,57.187992,100.977005,1.0,101669.0,24.379999,58.188972,24.315298
2021-09-17,10:30:44,22.36,17.06,57.05,1016.73,1326620.4737019574,0.785459,57.049999,0.0,619.515076,1381781.0,57.277828,93.3992,1.0,101673.0,24.360001,54.878765,24.295284
2021-09-17,10:35:45,22.36,17.15,57.123,1016.75,1332454.3347807128,0.747036,57.123001,0.0,606.243225,1388889.0,57.332409,85.80365,1.0,101675.0,24.360001,51.56081,24.29529
2021-09-17,10:40:45,22.39,17.15,57.173,1016.77,1330114.644051158,0.727882,57.173,0.0,599.370422,1386037.0,57.386559,81.870285,1.0,101677.0,24.389999,49.842602,24.325293
2021-09-17,10:45:47,22.37,17.21,57.209,1016.77,1333627.2695259382,0.711443,57.209,0.0,593.325684,1390319.0,57.481636,78.410858,1.0,101677.0,24.370001,48.331421,24.305285
2021-09-17,10:50:47,22.39,17.38,57.166,1016.79,1341895.991969714,0.688826,57.166,0.0,584.776733,1400415.0,57.484852,73.518234,1.0,101679.0,24.389999,46.194176,24.325293
2021-09-17,10:55:48,22.54,17.37,56.704,1016.79,1341895.991969714,0.673962,56.703999,0.0,579.004333,1400415.0,56.962864,70.214661,1.0,101679.0,24.540001,44.751083,24.475286
2021-09-17,11:00:48,22.61,17.73,56.466,1016.83,1350267.8892061473,0.64879,56.466,0.0,568.932007,1410658.0,56.661308,64.450211,1.0,101683.0,24.610001,42.233002,24.54529
2021-09-17,11:05:49,22.74,17.8,56.228,1016.81,1351472.4096574988,0.633496,56.228001,0.0,562.619385,1412134.0,56.465977,60.837444,1.0,101681.0,24.74,40.654842,24.675287
2021-09-17,11:10:49,22.71,17.87,56.206,1016.83,1347865.278128092,0.643427,56.206001,0.0,566.735535,1407716.0,56.429665,63.193153,1.0,101683.0,24.709999,41.683884,24.645294
2021-09-17,11:15:50,22.78,17.87,55.884,1016.87,1347865.278128092,0.648785,55.883999,0.0,568.92981,1407716.0,56.113033,64.448944,1.0,101687.0,24.780001,42.232449,24.715292
2021-09-17,11:20:50,22.69,18.15,55.917,1016.89,1367329.0299728897,0.61032,55.917,0.0,552.757385,1431601.0,56.159996,55.193375,1.0,101689.0,24.690001,38.189346,24.625282
2021-09-17,11:25:51,22.52,18.15,56.166,1016.87,1369801.5951947726,0.565856,56.049999,0.0,532.74115,1448498.0,55.804218,43.737961,1.0,101687.0,24.77,33.185287,24.705305
2021-09-17,11:30:56,22.7,18.34,55.793,1016.83,1376022.308787702,0.575026,55.792999,0.0,536.994629,1442308.0,55.995075,46.172237,1.0,101683.0,24.700001,34.24865,24.635292
2021-09-17,11:35:56,22.95,18.34,55.08,1016.87,1369801.5951947726,0.579756,55.080002,0.0,539.162292,1434644.0,55.233662,47.412819,1.0,101687.0,24.950001,34.790573,24.885294
2021-09-17,11:40:57,22.85,18.48,55.05,1016.87,1381039.708412378,0.565771,55.049999,0.0,532.701294,1448498.0,55.341713,43.715153,1.0,101687.0,24.85,33.175323,24.785294
2021-09-17,11:45:57,22.83,18.58,54.982,1016.89,1374773.6501244588,0.572333,54.981998,0.0,535.752441,1440768.0,55.205067,45.461342,1.0,101689.0,24.83,33.93811,24.765299
2021-09-17,11:50:58,22.99,18.58,54.518,1016.85,1377273.2377394864,0.576273,54.518002,0.0,537.568115,1443850.0,54.724457,46.500443,1.0,101685.0,24.99,34.392021,24.925301
2021-09-17,11:55:58,23.16,18.73,54.218,1016.81,1376022.308787702,0.585405,54.217999,0.0,541.728516,1442308.0,54.389286,48.881493,1.0,101681.0,25.16,35.432133,25.095285
2021-09-17,12:00:59,23.06,18.91,54.067,1016.85,1379781.9313205776,0.5691,54.067001,0.0,534.253418,1446945.0,54.281139,44.603455,1.0,101685.0,25.059999,33.563362,24.995279
2021-09-17,12:05:59,23.27,18.96,53.612,1016.81,1389908.767797285,0.559917,53.612,0.0,529.949097,1459459.0,53.798996,42.140034,1.0,101681.0,25.27,32.487267,25.205294
2021-09-17,12:10:59,23.18,18.96,53.168,1016.85,1404078.3612895852,0.53378,53.167999,0.0,517.299438,1477024.0,53.441898,34.900566,1.0,101685.0,25.18,29.324856,25.115284
2021-09-17,12:16:00,23.21,19.0,52.334,1016.85,1417212.8598992475,0.527546,52.334,0.0,514.190735,1493363.0,52.573341,33.121429,1.0,101685.0,25.209999,28.547678,25.145285
2021-09-17,12:21:00,23.47,19.31,51.784,1016.87,1405380.8454278396,0.540283,51.784,0.0,520.503357,1478642.0,52.002304,36.718288,1.0,101687.0,25.469999,30.125839,25.405285
2021-09-17,12:26:01,23.51,19.31,51.278,1016.81,1425212.1773061291,0.522455,51.278,0.0,511.624481,1503341.0,51.510136,31.652756,1.0,101681.0,25.51,27.906118,25.445282
2021-09-17,12:31:01,23.68,19.31,50.893,1016.79,1425212.1773061291,0.520918,50.893002,0.0,510.845093,1503341.0,51.067265,31.206703,1.0,101679.0,25.68,27.711269,25.615297
2021-09-17,12:36:02,23.68,19.82,50.639,1016.75,1423872.692608588,0.541686,50.639,0.0,521.189758,1501669.0,50.850845,37.127022,1.0,101675.0,25.68,30.297438,25.61529
2021-09-17,12:41:02,23.81,19.82,50.347,1016.73,1422535.7233753393,0.531289,50.347,0.0,516.061707,1500000.0,50.530769,34.192207,1.0,101673.0,25.809999,29.015425,25.745281
2021-09-17,12:46:02,23.92,20.03,50.244,1016.71,1411929.6822656717,0.550643,50.243999,0.0,525.529541,1486784.0,50.455032,39.610718,1.0,101671.0,25.92,31.382389,25.855413
2021-09-17,12:51:03,23.65,20.03,50.622,1016.77,1426554.184573795,0.556167,50.622002,0.0,528.171082,1505017.0,50.803097,41.122478,1.0,101677.0,25.65,32.04277,25.5853
2021-09-17,12:56:04,23.78,20.16,50.447,1016.75,1409302.837200838,0.568776,50.446999,0.0,534.102905,1483516.0,50.595123,44.517284,1.0,101675.0,25.780001,33.525719,25.715284
2021-09-17,13:01:04,23.79,20.15,50.109,1016.75,1414566.3381433522,0.56323,50.109001,0.0,531.510071,1490066.0,50.379986,43.033401,1.0,101675.0,25.790001,32.877518,25.725286
2021-09-17,13:06:04,23.99,20.15,49.927,1016.77,1406685.7482925104,0.576558,49.926998,0.0,537.69873,1480263.0,50.12495,46.575203,1.0,101677.0,25.99,34.424679,25.925295
2021-09-17,13:11:05,23.95,20.29,49.538,1016.77,1409302.837200838,0.599093,49.537998,0.0,547.844116,1483516.0,49.741985,52.381477,1.0,101677.0,25.950001,36.961029,25.885288
2021-09-17,13:16:05,23.93,20.29,49.392,1016.75,1417212.8598992475,0.580333,49.391998,0.0,539.425781,1493363.0,49.594997,47.563614,1.0,101675.0,25.93,34.856445,25.865292
2021-09-17,13:21:06,23.83,20.46,49.445,1016.77,1422535.7233753393,0.580372,49.445,0.0,539.443481,1500000.0,49.630821,47.573753,1.0,101677.0,25.83,34.86087,25.765297
2021-09-17,13:26:06,23.82,20.47,49.193,1016.81,1422535.7233753393,0.594454,49.193001,0.0,545.787109,1500000.0,49.432732,51.204254,1.0,101681.0,25.82,36.446785,25.755301
2021-09-17,13:31:07,23.83,20.49,48.867,1016.83,1542770.3503291386,0.608907,48.867001,0.0,552.144043,1500834.0,49.101875,54.842361,1.0,101683.0,25.83,38.036015,25.76528
2021-09-17,13:36:07,23.96,20.66,48.761,1016.83,1554643.899901888,0.575449,48.761002,0.0,537.189453,1513453.0,48.945953,46.283749,1.0,101683.0,25.959999,34.297363,25.895281
2021-09-17,13:41:07,24.09,20.66,48.642,1016.83,1556240.862844127,0.56139,48.641998,0.0,530.644287,1515152.0,48.818241,42.537933,1.0,101683.0,26.09,32.661079,26.025297
2021-09-17,13:46:08,24.28,20.69,48.039,1016.81,1552254.591360586,0.560498,48.039001,0.0,530.223633,1510912.0,48.209946,42.297165,1.0,101681.0,26.280001,32.555908,26.215284
2021-09-17,13:51:08,24.35,20.69,48.122,1016.81,1554643.899901888,0.549916,48.122002,0.0,525.179688,1513453.0,48.250137,39.410503,1.0,101681.0,26.35,31.294928,26.285282
2021-09-17,13:56:09,24.37,20.85,48.596,1016.77,1546707.9967670217,0.534777,48.596001,0.0,517.793213,1505017.0,48.807789,35.183151,1.0,101677.0,26.370001,29.448298,26.30529
2021-09-17,14:01:09,24.49,20.94,48.392,1016.81,1427898.7215442057,0.513371,48.391998,0.0,506.983521,1506696.0,48.529915,28.996723,1.0,101681.0,26.49,26.745884,26.425297
2021-09-17,14:06:10,24.81,20.94,47.915,1016.73,1539634.6392026085,0.52778,47.915001,0.0,514.308044,1497504.0,47.992954,33.050529,1.0,101673.0,26.809999,28.577015,26.745306
2021-09-17,14:11:10,24.67,21.18,48.487,1016.71,1422535.7233753393,0.530006,48.487,0.0,515.421814,1500000.0,48.709042,33.706394,1.0,101671.0,26.67,28.85545,26.605295
2021-09-17,14:16:10,24.8,21.21,47.819,1016.69,1422535.7233753393,0.522476,47.819,0.0,511.635559,1500000.0,47.988407,31.59083,1.0,101669.0,26.799999,27.908886,26.735287
2021-09-17,14:21:11,24.95,21.18,47.549,1016.75,1421201.2625272158,0.51113,47.549,0.0,505.825531,1498335.0,47.715309,28.310879,1.0,101675.0,26.950001,26.456381,26.885294
2021-09-17,14:26:11,24.91,21.18,47.757,1016.69,1415888.362328855,0.525955,47.757,0.0,513.391357,1491713.0,47.928703,32.636494,1.0,101669.0,26.91,28.347847,26.845295
2021-09-17,14:31:12,25.07,21.26,47.835,1016.6,1418539.8378022397,0.523544,47.834999,0.0,512.175781,1495017.0,48.038628,31.966757,1.0,101660.0,27.07,28.043951,27.005291
2021-09-17,14:36:12,25.06,21.22,47.44,1016.64,1425212.1773061291,0.516513,47.439999,0.0,508.597687,1503341.0,47.655128,29.920506,1.0,101664.0,27.059999,27.14942,26.995295
2021-09-17,14:41:13,25.22,21.26,47.173,1016.62,1426554.184573795,0.508161,47.173,0.0,504.284454,1505017.0,47.294224,27.452015,1.0,101662.0,27.219999,26.071112,27.155285
2021-09-17,14:46:13,25.15,21.26,47.682,1016.62,1413246.7804209518,0.525032,47.681999,0.0,512.926392,1488423.0,47.836052,32.379745,1.0,101662.0,27.15,28.231604,27.085287
2021-09-17,14:51:13,25.18,21.39,47.904,1016.58,1406685.7482925104,0.538784,47.903999,0.0,519.76825,1480263.0,48.134747,36.220402,1.0,101658.0,27.18,29.94206,27.115301
2021-09-17,14:56:14,25.1,21.41,47.652,1016.6,1411929.6822656717,0.54213,47.652,0.0,521.406738,1486784.0,47.824932,37.191269,1.0,101660.0,27.1,30.351685,27.035294
2021-09-17,15:01:14,24.8,21.41,48.318,1016.62,1406685.7482925104,0.566638,48.318001,0.0,533.106506,1480263.0,48.582802,43.918919,1.0,101662.0,26.799999,33.276623,26.735281
2021-09-17,15:06:15,24.89,21.52,48.291,1016.62,1405380.8454278396,0.538275,48.390999,0.0,519.518066,1496674.0,47.890453,36.170292,1.0,101656.0,27.190001,29.879509,27.125305
2021-09-17,15:11:16,24.77,21.48,48.745,1016.58,1406685.7482925104,0.567469,48.744999,0.0,533.493958,1480263.0,48.886837,44.168808,1.0,101658.0,26.77,33.373493,26.705305
2021-09-17,16:03:15,25.33,21.47,48.668,1016.3,789062.9966472307,0.517598,48.667999,0.0,509.15332,769231.0,48.558384,29.875242,0.0,101630.0,27.33,27.288334,27.265293
2021-09-17,16:05:28,26.51,21.47,47.698,1016.15,1041237.6142669702,0.513797,47.698002,0.0,507.202759,1046512.0,44.900631,29.122173,0.0,101615.0,28.51,26.800686,28.51
2021-09-17,16:08:15,26.35,21.5,46.241,1016.26,1247941.1981602423,0.513797,46.241001,0.0,507.202759,1286940.0,46.685764,29.122173,0.0,101626.0,28.35,26.800686,28.321135
2021-09-17,16:09:27,27.8,21.51,46.756,1016.15,1270973.6612998568,0.513797,46.493,0.0,507.202759,1451613.0,44.410793,29.122173,0.0,101626.0,28.190001,26.800686,28.190001
2021-09-17,16:10:29,28.82,21.5,44.231,1017.32,1421201.2625272158,0.342646,44.230999,0.0,400.0,1498335.0,43.566002,0.0,0.0,101732.0,30.82,0.0,30.755304
2021-09-17,16:12:10,29.71,21.47,43.827,791.93,1655738.1991770123,0.342646,0.0,0.0,400.0,5187320.0,0.003943,0.0,0.0,45786.0,-29.780001,0.0,-29.844709
2021-09-17,16:13:40,29.71,21.5,42.019,1018.14,1784452.7929458132,0.342646,41.997002,0.0,400.0,1802403.0,42.0373,0.0,0.0,101632.0,30.950001,0.0,30.92507
2021-09-17,16:14:22,29.71,21.5,41.914,791.93,1825301.7016075908,0.0,0.0,-2.0,0.0,0.0,0.0,0.0,0.0,0.0,0.0,0.0,0.0
2021-09-17,16:14:27,29.04,21.51,41.594,1016.36,1825301.7016075908,0.342646,41.594002,0.0,400.0,1806020.0,40.965549,0.0,0.0,101636.0,31.040001,0.0,30.975302
2021-09-17,16:15:29,30.020000000000003,21.44,40.729,1016.03,1946050.595281673,0.342646,40.729,0.0,400.0,1939655.0,39.519291,0.0,0.0,101603.0,32.02,0.0,32.004913
2021-09-17,16:16:18,28.31,21.51,40.275,1016.17,1952320.0866912976,0.342646,40.275002,0.0,400.0,1946647.0,34.947239,0.0,0.0,101617.0,30.309999,0.0,30.309999
2021-09-17,16:19:59,26.08,21.44,46.593,1016.22,4930838.602853466,0.342646,46.592999,0.0,400.0,5075188.0,46.117119,0.0,0.0,101622.0,28.08,0.0,28.015289
2021-09-17,16:24:44,26.12,21.44,46.197,1016.21,1128071.984667473,2.761874,46.257999,0.0,1380.595215,1154833.0,46.466209,283.818665,0.0,101624.0,28.040001,138.059525,27.975283
2021-09-17,16:25:00,27.05,21.48,45.506,1016.13,1153846.657421932,0.514141,45.506001,0.0,507.379974,1175958.0,44.66468,29.223608,0.0,101613.0,29.049999,26.844995,28.985287
2021-09-17,16:25:05,26.6,21.48,45.0,1016.22,1145991.426214277,0.513838,45.0,0.0,507.22406,1166811.0,42.950031,29.134373,0.0,101622.0,28.6,26.806013,28.535297
2021-09-17,16:27:35,25.93,21.48,46.912,1016.19,998682.1084111738,0.518852,46.911999,0.0,509.793701,998521.0,46.553467,30.604986,0.0,101619.0,27.93,27.448421,27.86529
2021-09-17,16:32:36,26.22,21.45,46.055,1016.19,807139.5485425337,3.988604,46.055,0.0,1623.729248,788551.0,46.157539,234.150635,0.0,101619.0,28.219999,162.372925,28.155287
2021-09-17,16:37:36,26.25,21.52,45.777,1016.17,675061.3919702615,134.068054,45.777,0.0,3948.951172,705362.0,45.967365,500.0,2.0,101617.0,28.25,394.895111,28.185286
2021-09-17,16:42:36,26.48,21.5,45.359,1016.09,621810.9012108357,268.294037,45.359001,0.0,4407.879883,640994.0,45.538975,475.269135,2.0,101609.0,28.48,440.787964,28.415295
2021-09-17,16:47:37,26.5,21.54,45.406,1016.13,593524.6234591046,393.568451,45.405998,0.0,4661.359375,607501.0,45.58609,386.99823,2.0,101613.0,28.5,466.135956,28.435293
2021-09-17,16:52:37,26.43,21.47,45.207,1016.13,583907.3341951095,460.736511,45.207001,0.0,4765.597656,596221.0,45.39027,323.918549,2.0,101613.0,28.43,476.559784,28.365295
2021-09-17,16:57:38,26.6,21.44,44.814,1016.15,571127.4862089449,532.66687,44.813999,0.0,4861.566406,581315.0,44.938831,280.844666,2.0,101615.0,28.6,486.156616,28.535305
2021-09-17,17:02:38,26.46,21.47,44.708,1016.11,571990.8679162512,547.566589,44.708,0.0,4879.816406,582319.0,44.8834,249.36879,2.0,101611.0,28.459999,487.981659,28.395296
2021-09-17,17:07:39,26.48,21.56,45.24,1016.05,567274.3055541696,559.052673,45.240002,0.0,4893.549805,576840.0,45.418324,249.541214,2.0,101605.0,28.48,489.35498,28.415293
2021-09-17,17:12:39,26.42,21.56,45.109,1016.07,567699.8673085142,551.867249,45.109001,0.0,4884.992188,577334.0,45.244331,249.723297,3.0,101607.0,28.42,488.499207,28.355301
2021-09-17,17:17:39,26.38,21.56,45.091,1016.03,573290.8460552065,500.36145,45.091,0.0,4820.177246,583832.0,45.291172,247.349945,3.0,101603.0,28.379999,482.017731,28.315294
2021-09-17,17:22:40,26.54,21.56,45.288,1016.07,569408.5185661349,486.550934,45.287998,0.0,4801.661133,579318.0,45.43763,247.227127,3.0,101607.0,28.540001,480.166138,28.475302
2021-09-17,17:27:40,26.54,21.37,44.815,1016.05,574160.7859024438,452.616364,44.814999,0.0,4753.834961,584844.0,45.042839,245.651154,3.0,101605.0,28.540001,475.383484,28.475286
2021-09-17,17:42:47,25.7,21.18,46.035,1016.01,467414.4923173456,0.0,0.0,-2.0,0.0,0.0,0.0,0.0,0.0,0.0,0.0,0.0,0.0
2021-09-17,17:44:33,26.13,21.16,44.929,1016.03,519028.7957043389,1.303948,44.929001,0.0,884.107117,521520.0,44.817741,83.536995,0.0,101603.0,28.129999,88.410713,28.065289
2021-09-17,17:47:19,25.87,20.96,45.957,1016.05,503489.0260563473,0.523283,46.009998,0.0,512.043945,514752.0,43.155704,30.298874,0.0,101589.0,29.1,28.010983,29.03528
2021-09-17,17:52:20,26.31,21.16,44.825,1015.99,551160.9196048949,924.255798,44.825001,0.0,5226.131836,558217.0,44.98243,500.0,1.0,101599.0,28.309999,522.613159,28.2453
2021-09-17,17:57:20,26.49,21.01,44.665,1015.99,566001.4398432442,673.665771,44.665001,0.0,5016.918945,575363.0,44.861179,500.0,2.0,101599.0,28.49,501.691895,28.425282
2021-09-17,18:02:21,26.7,20.84,44.753,1015.97,578108.4121007585,541.266418,44.752998,0.0,4872.161133,589446.0,44.879292,471.757141,2.0,101597.0,28.700001,487.216095,28.635283
2021-09-17,18:07:22,26.86,20.84,44.672,1015.95,579436.3782392184,459.761963,44.730999,0.0,4764.197266,601539.0,44.277401,364.591278,2.0,101591.0,29.16,476.419739,29.095289
2021-09-17,18:12:23,26.8,20.66,44.53,1016.01,590283.8520370186,423.791473,44.529999,0.0,4710.303711,603694.0,44.679512,300.101624,2.0,101601.0,28.799999,471.030396,28.735294
2021-09-17,18:17:23,26.77,20.66,44.243,1016.01,595861.3326627315,361.591736,44.126999,0.0,4605.301758,618080.0,44.154686,252.278854,2.0,101599.0,28.84,460.530182,28.775284
2021-09-17,18:22:25,25.66,20.6,43.695,1015.99,636989.7750309844,293.989014,43.695,0.0,4468.382324,659165.0,44.077469,242.908005,3.0,101599.0,27.66,446.838226,27.59528
2021-09-17,18:27:26,24.6,20.5,45.65,1015.97,667322.5984678076,230.06105,45.650002,0.0,4306.17627,695899.0,45.871994,235.258209,3.0,101597.0,26.6,430.617645,26.53529
2021-09-17,18:32:26,24.29,20.5,46.34,1015.93,678085.8584148409,184.363953,46.34,0.0,4159.691406,709070.0,46.530804,228.367783,3.0,101593.0,26.290001,415.969147,26.225294
2021-09-17,18:37:26,24.44,20.35,46.195,1015.89,689202.0121404377,156.045029,46.195,0.0,4049.369873,722750.0,46.337151,223.314468,3.0,101589.0,26.440001,404.936981,26.375296
2021-09-17,18:42:27,24.41,20.36,46.32,1015.87,692354.809630756,148.522095,46.32,0.0,4016.682617,726644.0,46.445564,222.292618,3.0,101587.0,26.41,401.668274,26.345285
2021-09-17,18:47:27,24.25,20.36,47.104,1015.89,694260.3720041922,125.898109,47.021,0.0,3907.357422,736163.0,46.781151,217.24736,3.0,101585.0,26.5,390.735748,26.435305
2021-09-17,18:52:33,24.0,20.5,47.457,1015.85,690459.6791684137,143.045502,47.457001,0.0,3991.828613,724303.0,47.656651,222.364151,3.0,101585.0,26.0,399.182861,25.935297
2021-09-17,18:57:34,23.98,20.5,46.829,1015.83,694260.3720041922,135.23645,46.828999,0.0,3954.691162,729001.0,47.105484,221.078079,3.0,101583.0,25.98,395.469116,25.915291
2021-09-17,19:02:34,23.57,20.37,47.272,1015.89,705259.8297485986,128.793167,47.271999,0.0,3922.397461,742649.0,47.469261,220.053589,3.0,101589.0,25.57,392.239746,25.505285
2021-09-17,19:07:35,23.26,20.37,47.749,1015.93,708561.6057312813,123.204132,47.749001,0.0,3893.04834,746762.0,48.02079,219.179855,3.0,101593.0,25.26,389.30484,25.195284
2021-09-17,19:12:35,22.99,20.3,48.222,1015.87,780928.3316053777,113.360863,48.222,0.0,3837.965088,760563.0,48.535328,216.922577,3.0,101587.0,24.99,383.796509,24.925293
2021-09-17,19:17:36,22.49,20.3,49.562,1015.73,786604.8579894427,106.929504,49.562,0.0,3799.327393,766610.0,49.719234,215.50766,3.0,101573.0,24.49,379.932739,24.425291
2021-09-17,19:22:36,22.64,19.74,48.886,1015.73,794025.653938224,99.82859,48.886002,0.0,3753.870117,774527.0,49.2435,213.715698,3.0,101573.0,24.639999,375.387024,24.575294
2021-09-17,19:27:36,22.52,19.74,49.655,1015.73,789062.9966472307,100.518478,49.654999,0.0,3758.425781,769231.0,49.781113,214.621628,3.0,101573.0,24.52,375.84259,24.455296
2021-09-17,19:32:37,23.31,19.62,48.245,1015.69,772565.5143086282,104.793877,48.244999,0.0,3785.981445,751670.0,48.38372,216.773926,3.0,101569.0,25.309999,378.598145,25.245293
2021-09-17,19:37:37,23.42,18.2,48.037,1015.69,704603.163687343,112.43219,48.036999,0.0,3832.523438,741832.0,48.203693,219.963562,3.0,101569.0,25.42,383.25235,25.355291
2021-09-17,19:42:38,23.63,18.19,47.644,1015.69,701988.6824864738,112.563126,47.730999,0.0,3833.293213,744289.0,47.204201,220.691101,3.0,101569.0,25.940001,383.329315,25.875294
2021-09-17,19:47:39,23.72,18.19,47.685,1015.73,692354.809630756,122.553238,47.685001,0.0,3889.544434,726644.0,47.856285,224.457993,3.0,101573.0,25.719999,388.954437,25.655294
2021-09-17,19:52:39,23.82,18.3,47.657,1015.69,683598.7476596228,130.199692,47.657001,0.0,3929.58252,715845.0,47.833626,227.361298,3.0,101569.0,25.82,392.958252,25.755293
2021-09-17,19:57:40,23.82,18.38,48.016,1015.73,673859.146359727,133.455765,48.015999,0.0,3945.923096,703889.0,48.182613,228.967545,3.0,101573.0,25.82,394.592316,25.755293
2021-09-17,20:02:40,23.81,18.38,48.218,1015.75,673859.146359727,132.737457,48.217999,0.0,3942.352539,703889.0,48.409065,229.471497,3.0,101575.0,25.809999,394.23526,25.745293
2021-09-17,20:07:41,23.94,18.02,48.002,1015.85,671467.456334503,130.847305,48.001999,0.0,3932.86499,700962.0,48.183937,229.647568,3.0,101585.0,25.940001,393.286499,25.875292
2021-09-17,20:12:41,23.92,17.89,48.118,1015.85,670277.9665657082,129.915588,48.118,0.0,3928.137451,699508.0,48.296436,230.096512,3.0,101585.0,25.92,392.813751,25.855284
2021-09-17,20:17:41,23.91,17.89,48.215,1015.87,669684.8006500731,129.586578,48.215,0.0,3926.460205,698783.0,48.39584,230.708755,3.0,101587.0,25.91,392.646027,25.845299
2021-09-17,20:22:42,23.95,17.77,48.22,1015.91,653492.0882905183,152.943817,48.220001,0.0,4036.090088,679079.0,48.395882,237.577072,3.0,101591.0,25.950001,403.609009,25.885288
2021-09-17,20:27:42,24.02,17.72,48.208,1015.93,638602.4061485428,181.845154,48.208,0.0,4150.591309,661104.0,48.373161,244.766678,3.0,101593.0,26.02,415.059113,25.955296
2021-09-17,20:32:43,23.88,17.58,48.434,1015.89,621810.9012108357,233.429367,48.433998,0.0,4315.791504,640994.0,48.685085,249.417343,2.0,101589.0,25.879999,431.579163,25.815289
2021-09-17,20:37:43,23.96,17.37,48.343,1015.95,622322.2584615069,218.239914,48.342999,0.0,4271.280762,641604.0,48.524036,247.716599,3.0,101595.0,25.959999,427.128082,25.89529
2021-09-17,20:42:44,23.75,17.37,48.77,1016.03,632728.9770959702,195.634201,48.77,0.0,4198.943359,654050.0,48.989765,244.479095,3.0,101603.0,25.75,419.894348,25.685297
2021-09-17,20:47:44,23.62,17.07,49.21,1016.07,636989.7750309844,177.096878,49.209999,0.0,4133.087891,659165.0,49.342949,241.587738,3.0,101607.0,25.620001,413.308807,25.555298
2021-09-17,20:52:45,23.91,17.07,48.753,1016.11,638602.4061485428,162.046371,48.752998,0.0,4074.334717,661104.0,48.972542,239.044937,3.0,101611.0,25.91,407.433472,25.845301
2021-09-17,20:57:45,23.55,17.0,49.836,1016.15,642397.1544158147,149.289612,49.835999,0.0,4020.092773,665672.0,50.039036,236.739105,3.0,101615.0,25.549999,402.009277,25.485292
2021-09-17,21:02:46,23.44,16.84,50.261,1016.19,641308.3464988151,136.985809,50.261002,0.0,3963.193604,664360.0,50.473412,234.266663,3.0,101619.0,25.440001,396.319366,25.375309
2021-09-17,21:07:46,23.31,16.84,50.641,1016.24,650123.5748604994,125.324173,50.640999,0.0,3904.334961,675001.0,50.868652,231.665878,3.0,101624.0,25.309999,390.433502,25.245295
2021-09-17,21:12:47,23.25,16.74,50.994,1016.28,649008.4409121699,118.365601,50.993999,0.0,3866.544434,673652.0,51.186348,230.249756,3.0,101628.0,25.25,386.654449,25.185299
2021-09-17,21:17:47,23.01,16.65,51.752,1016.34,652928.2473884496,112.63755,51.751999,0.0,3833.730469,678396.0,51.915665,229.081299,3.0,101634.0,25.01,383.373047,24.945284
2021-09-17,21:22:48,22.64,16.58,52.072,1016.38,636454.0397144324,136.475464,52.062,0.0,3960.724854,668974.0,52.475338,237.050583,3.0,101636.0,24.66,396.072479,24.595285
2021-09-17,21:27:50,21.63,16.52,55.001,1016.54,634852.2270734705,148.655136,55.000999,0.0,4017.275146,656598.0,55.209297,241.018311,3.0,101654.0,23.629999,401.727509,23.565296
2021-09-17,21:32:50,21.28,16.52,56.201,1016.66,636454.0397144324,145.16658,56.201,0.0,4001.56543,658521.0,56.436836,240.853195,3.0,101666.0,23.280001,400.156555,23.215298
2021-09-17,21:37:51,21.12,16.33,56.759,1016.68,628524.8010618597,155.166107,56.758999,0.0,4045.633301,649014.0,57.023991,244.154343,3.0,101668.0,23.120001,404.563324,23.055298
2021-09-17,21:42:51,21.11,16.16,56.786,1016.73,625408.1515565012,159.068039,56.785999,0.0,4062.062744,645288.0,56.940235,245.878235,3.0,101673.0,23.110001,406.206268,23.045307
2021-09-17,21:47:52,21.03,16.16,56.919,1016.79,623861.388982822,160.592651,56.918999,0.0,4068.373047,643441.0,57.145058,247.008469,3.0,101679.0,23.030001,406.837311,22.965296
2021-09-17,21:52:52,20.67,16.13,57.92,1016.83,625925.4449124507,157.032608,57.919998,0.0,4053.543457,645906.0,58.155251,246.925568,3.0,101683.0,22.67,405.35434,22.605286
2021-09-17,21:57:52,21.13,16.06,56.936,1016.87,624376.1257028643,151.005829,56.936001,0.0,4027.654053,644055.0,56.919109,246.18335,3.0,101687.0,23.129999,402.765411,23.065283
2021-09-17,22:02:53,22.11,16.01,54.409,1016.85,623347.5002639871,141.633026,54.409,0.0,3985.263672,642827.0,54.536224,244.461655,3.0,101685.0,24.110001,398.526367,24.04529
2021-09-17,22:07:53,22.14,16.01,54.378,1016.89,617750.0984895193,141.69812,54.207001,0.0,3985.567871,644055.0,54.275166,245.259247,3.0,101687.0,24.209999,398.556793,24.145281
2021-09-17,22:12:58,22.28,15.91,54.048,1016.83,615238.9211975823,149.816452,54.048,0.0,4022.423096,633170.0,54.25861,248.207474,3.0,101683.0,24.280001,402.24231,24.215286
2021-09-17,22:17:59,22.23,15.91,54.203,1016.85,615739.5220409302,143.250366,54.202999,0.0,3992.775391,633765.0,54.429756,247.212097,3.0,101685.0,24.23,399.277527,24.165297
2021-09-17,22:23:00,22.13,15.77,54.492,1016.87,621810.9012108357,129.545395,54.334999,0.0,3926.25,644671.0,54.218822,244.018051,3.0,101687.0,24.299999,392.625,24.235289
2021-09-17,22:28:05,22.34,15.77,53.932,1016.83,621810.9012108357,131.229935,53.931999,0.0,3934.796875,640994.0,54.024822,245.286331,3.0,101683.0,24.34,393.479675,24.275284
2021-09-17,22:33:06,22.54,15.7,53.453,1016.81,613741.9906953312,139.682755,53.452999,0.0,3976.091309,631391.0,53.672081,248.516052,3.0,101681.0,24.540001,397.609131,24.475281
2021-09-17,22:38:06,22.47,15.67,53.556,1016.83,612748.0773255154,137.99823,53.556,0.0,3968.064941,630211.0,53.778149,248.794205,3.0,101683.0,24.469999,396.806488,24.405293
2021-09-17,22:43:07,22.44,15.63,53.652,1016.83,621300.3836272638,124.931526,53.652,0.0,3902.259277,640385.0,53.877861,245.595078,3.0,101683.0,24.440001,390.225922,24.375282
2021-09-17,22:48:07,22.54,15.58,53.354,1016.81,622322.2584615069,116.500572,53.354,0.0,3856.038086,641604.0,53.571796,243.58287,3.0,101681.0,24.540001,385.603821,24.475288
2021-09-17,22:53:07,22.45,15.58,53.598,1016.87,625925.4449124507,110.218063,53.598,0.0,3819.365723,645906.0,53.846592,242.124741,3.0,101687.0,24.450001,381.936584,24.3853
2021-09-17,22:58:08,22.35,15.48,54.088,1016.89,616743.1716535715,117.839844,54.088001,0.0,3863.599609,634958.0,54.380554,245.592926,3.0,101689.0,24.35,386.359955,24.285303
2021-09-17,23:03:08,22.39,15.48,53.986,1016.93,621810.9012108357,110.275261,53.986,0.0,3819.708984,640994.0,54.209465,243.686752,3.0,101693.0,24.389999,381.970886,24.325296
2021-09-17,23:08:09,22.42,15.48,53.545,1016.95,623861.388982822,108.629448,53.544998,0.0,3809.761719,643441.0,53.775501,243.835953,3.0,101695.0,24.42,380.976166,24.355295
2021-09-17,23:13:09,22.69,15.35,52.872,1016.99,624891.7125248604,108.866997,52.872002,0.0,3811.206543,644671.0,53.06139,244.688629,3.0,101699.0,24.690001,381.120667,24.62528
2021-09-17,23:18:10,22.77,15.26,52.699,1017.03,616743.1716535715,108.996407,52.699001,0.0,3811.992432,634958.0,52.898224,245.507843,3.0,101703.0,24.77,381.199249,24.705284
2021-09-17,23:23:10,22.77,15.22,52.634,1017.07,622322.2584615069,103.339645,52.633999,0.0,3776.737061,641604.0,52.837788,244.091141,3.0,101707.0,24.77,377.673706,24.70529
2021-09-17,23:28:11,22.69,15.22,52.769,1017.01,622322.2584615069,102.440872,52.769001,0.0,3770.958252,641604.0,53.034668,244.502701,3.0,101701.0,24.690001,377.095825,24.625292
2021-09-17,23:33:11,22.74,15.2,52.718,1016.95,623861.388982822,98.292648,52.717999,0.0,3743.613037,643441.0,52.922249,243.568985,3.0,101695.0,24.74,374.361298,24.675285
2021-09-17,23:38:11,22.83,15.19,52.563,1016.97,629570.5985943379,90.040222,52.563,0.0,3685.601074,650266.0,52.833324,240.703232,3.0,101697.0,24.83,368.56012,24.765287
2021-09-17,23:43:12,22.71,15.11,52.634,1016.99,634320.0797613888,85.414467,52.633999,0.0,3650.711426,655959.0,52.852016,239.257645,3.0,101699.0,24.709999,365.071136,24.645294
2021-09-17,23:48:12,22.73,15.11,52.636,1017.03,633788.8238183621,78.188255,52.535999,0.0,3592.234863,666330.0,52.498245,236.301147,3.0,101705.0,24.809999,359.22348,24.745304
2021-09-17,23:53:18,22.69,15.04,52.594,1017.09,635919.2047933936,75.755775,52.594002,0.0,3571.327148,657879.0,52.85968,235.707565,3.0,101709.0,24.690001,357.132721,24.625296
2021-09-17,23:58:18,22.55,15.0,52.996,1017.16,639682.0374632045,74.363419,52.995998,0.0,3559.055176,662402.0,53.177727,235.657608,3.0,101716.0,24.549999,355.905518,24.485281
